1 0.13680182637911725 0.21866295264623958 0.1920713321655228 0.1114206128133705
1 0.4361811175968041 0.19663732757267424 0.17134300821682247 0.191683288939041
1 0.6361872900094765 0.4491643454038997 0.21715820004020336 0.18523676880222845
1 0.8558765933343083 0.8832738211250363 0.21167044769261678 0.22562674094707577
1 0.5581828102116417 0.8739554317548746 0.19599115527094157 0.11281337047353773
1 0.33044108778680764 0.504874651810585 0.06977285127645523 0.0766016713091922
1 0.37159923039370535 0.426183844011142 0.08153232059271176 0.11420612813370475
1 0.24814122699990418 0.5581514214053995 0.0611492404445338 0.09331476323119803
1 0.2876921563745461 0.679190986369492 0.09799557763547073 0.114206128133705
1 0.38143212016362826 0.5999296556322797 0.07761249748729282 0.06963788300835679
1 0.20500674841340494 0.9192200557103064 0.0023518938632513197 0.013927576601671347
1 0.1336659678947822 0.9227019498607243 0.09799557763547083 0.12395543175487461
1 0.8184590644114522 0.05222841225626741 0.09564368377221953 0.10445682451253482
1 0.7137997874967695 0.021587743732590533 0.08074835597162788 0.043175487465181066
