1 0.9038525413408962 0.4097374984695506 0.13436583933262733 0.31337047353760566
1 0.7846835989758035 0.3794592675677025 0.09399069231991199 0.27715877437326
1 0.6901937514624119 0.34920327596113054 0.08615896867960479 0.27821300273058075
1 0.5864370066632684 0.3434763336361544 0.07371958783077989 0.2646239554317552
1 0.48621795569289666 0.33913649025069625 0.0762045177576602 0.26601671309192165
1 0.39800294328864894 0.34261838440111403 0.08365930753830089 0.26740947075208893
1 0.3093737758965881 0.36559888579387206 0.10685198685584978 0.2910863509749305
1 0.7819246169916434 0.4192200557103065 0.029819159122562694 0.0027855153203342553
1 0.18893457584952947 0.424899942192982 0.10602367688022277 0.3020549754781394
1 0.08904332237987468 0.4470752089136491 0.1532373454909471 0.3064066852367688
1 0.13128713113683843 0.7360724233983288 0.12010494646587745 0.2353760445682451
1 0.24062404791956826 0.6747910863509751 0.10022550705083567 0.21866295264623964
1 0.3147577907381616 0.6288300835654597 0.07289127785515323 0.22423398328690808
1 0.40338695813022285 0.5919220055710308 0.07951775766016717 0.1922005571030642
1 0.48870288561977715 0.5884401114206129 0.08283099756267412 0.18523676880222859
1 0.5636649384139972 0.5828690807799444 0.062123248172005534 0.18523676880222845
1 0.6489808659035516 0.6135097493036212 0.0687497279770195 0.20194986072423413
1 0.7510937902506938 0.6439838011686515 0.06709310802576605 0.2130919220055716
1 0.8427217274836103 0.6786046249851183 0.07868944768454027 0.23537604456824548
