0 0.3319405756731662 0.4798050139275766 0.2404828226555246 0.07938718662952646
0 0.22376973073351905 0.11838440111420613 0.2581244196843083 0.10584958217270195
0 0.4015784586815227 0.3168523676880223 0.18105849582172706 0.1267409470752089
0 0.21727019498607242 0.2527855153203343 0.1392757660167131 0.09888579387186627
0 0.18755803156917364 0.5933147632311977 0.10584958217270193 0.3259052924791086
0 0.6796657381615598 0.511142061281337 0.13927576601671313 0.34261838440111425
0 0.8194057567316619 0.4798050139275766 0.09563602599814303 0.25487465181058505
0 0.5338904363974002 0.8655988857938718 0.059424326833797496 0.2688022284122563
0 0.6053853296193129 0.22562674094707522 0.16713091922005568 0.12813370473537603
0 0.07242339832869081 0.6253481894150418 0.08356545961002786 0.33147632311977715
0 0.06128133704735376 0.33008356545961 0.04271123491179202 0.12813370473537603
0 0.11838440111420613 0.3356545961002786 0.03806870937790156 0.0752089136490251
0 0.21959145775301764 0.36768802228412256 0.09563602599814298 0.0835654596100278
0 0.7302692664809658 0.7973537604456825 0.08449396471680601 0.13788300835654596
0 0.595171773444754 0.7005571030640668 0.09470752089136489 0.1782729805013927
0 0.8588672237697307 0.6573816155988856 0.16341689879294322 0.08913649025069631
0 0.9661928933989817 0.8093412707734694 0.07242339832869087 0.21587743732590564
0 0.4149080317908547 0.7108668384005331 0.13834726090993463 0.10971383110467463
0 0.4733854504913523 0.8614133239536441 0.06499535747446626 0.18941504178272953
