0 0.31940809563112504 0.8468089294431239 0.26720377115920263 0.030640668523676896
0 0.8781540604242554 0.36629526462395545 0.043606170987786755 0.4233983286908078
0 0.6895783677680327 0.34403521493864436 0.08598101266713598 0.41299957819566413
0 0.5678080137133062 0.15459610027855153 0.11504606813799022 0.17827298050139276
0 0.731543137707458 0.7255676730429519 0.054398499709602754 0.41736852792816737
0 0.6838517982376038 0.8320338642949464 0.13081851296335958 0.38579387186629627
0 0.5863408026165626 0.8613963699058859 0.09834583244054006 0.30640668523676945
0 0.5322587162414879 0.7358597404031322 0.07329547889436444 0.42488451287017015
0 0.21153631883436896 0.4157381615598886 0.09649025069637879 0.47493036211699163
0 0.3302935504606813 0.1532033426183844 0.031544889650739164 0.3064066852367688
0 0.43986486731354096 0.29462352651954343 0.05381187058067275 0.40905366509327495
0 0.45368973644739663 0.3962395543175487 0.03896721662738372 0.16573816155988863
0 0.5858999357188772 0.40111420612813364 0.24400899935718875 0.36490250696378823
0 0.4096196700235697 0.5494428969359332 0.10112920505678169 0.20752089136490248
0 0.38085815298907116 0.7646239554317549 0.05102849796443041 0.42618384401114134
