2 0.07580320647620863 0.5223808751980259 0.10903812477162 0.8398328690807808
2 0.18411309135080475 0.49017572518100905 0.08773599504797262 0.826818940887198
2 0.28362929433611883 0.5668523676880223 0.07563447848963169 0.6155988857938719
2 0.36418001392757654 0.5675487465181059 0.08546696069328377 0.6309192200557103
2 0.45985762921696066 0.5605849582172702 0.0771471680594243 0.6504178272980501
2 0.5430555555555556 0.5522284122562674 0.06807103064066844 0.6615598885793872
2 0.6686323033386153 0.5533625148580219 0.07621287468569732 0.6257533979313084
2 0.7369802403857144 0.5649473209129184 0.08438153120035605 0.6278921239461643
2 0.8415701166765034 0.5899787163421664 0.08907215403382725 0.627883114923091
2 0.9422588404988713 0.6313741497209535 0.09576613090917845 0.6247808764400147
